# sieving primes up to 2251500
# loaded 166169 primes up to 2251500
# P	|E(P)|	P-1	|E|/P	|E|*logP/P	max_row	row_mean
7	0	6	0.0000	0.0000	2	1.8333
11	0	10	0.0000	0.0000	4	2.5000
13	0	12	0.0000	0.0000	3	2.7500
17	0	16	0.0000	0.0000	4	3.3750
19	0	18	0.0000	0.0000	6	3.5556
23	0	22	0.0000	0.0000	6	4.0909
29	0	28	0.0000	0.0000	7	4.8571
31	0	30	0.0000	0.0000	7	5.0333
37	0	36	0.0000	0.0000	9	5.7500
41	0	40	0.0000	0.0000	9	6.2500
43	0	42	0.0000	0.0000	9	6.4048
47	0	46	0.0000	0.0000	10	6.8261
53	0	52	0.0000	0.0000	11	7.5577
59	0	58	0.0000	0.0000	13	8.1034
61	0	60	0.0000	0.0000	12	8.3500
67	0	66	0.0000	0.0000	14	8.9394
71	0	70	0.0000	0.0000	14	9.3571
73	0	72	0.0000	0.0000	14	9.5000
79	0	78	0.0000	0.0000	16	10.1154
83	0	82	0.0000	0.0000	16	10.5244
89	0	88	0.0000	0.0000	16	11.0909
97	0	96	0.0000	0.0000	19	11.8542
101	0	100	0.0000	0.0000	20	12.2600
103	0	102	0.0000	0.0000	19	12.4216
107	0	106	0.0000	0.0000	19	12.7642
109	0	108	0.0000	0.0000	19	12.9074
113	0	112	0.0000	0.0000	20	13.3304
127	0	126	0.0000	0.0000	23	14.6508
131	0	130	0.0000	0.0000	23	14.9538
137	0	136	0.0000	0.0000	25	15.5000
139	0	138	0.0000	0.0000	25	15.6232
149	0	148	0.0000	0.0000	27	16.5811
151	0	150	0.0000	0.0000	26	16.7400
157	0	156	0.0000	0.0000	28	17.2564
163	0	162	0.0000	0.0000	28	17.7593
167	0	166	0.0000	0.0000	28	18.0964
173	0	172	0.0000	0.0000	29	18.6105
179	0	178	0.0000	0.0000	30	19.0730
181	0	180	0.0000	0.0000	30	19.2778
191	0	190	0.0000	0.0000	32	20.1316
193	0	192	0.0000	0.0000	32	20.3177
197	0	196	0.0000	0.0000	32	20.6327
199	0	198	0.0000	0.0000	32	20.7980
211	0	210	0.0000	0.0000	35	21.8095
223	0	222	0.0000	0.0000	38	22.7838
227	0	226	0.0000	0.0000	38	23.1195
229	0	228	0.0000	0.0000	38	23.2719
233	0	232	0.0000	0.0000	39	23.5819
239	0	238	0.0000	0.0000	39	24.1176
241	0	240	0.0000	0.0000	39	24.2875
251	0	250	0.0000	0.0000	41	25.0640
257	0	256	0.0000	0.0000	42	25.5469
263	0	262	0.0000	0.0000	43	26.0038
269	0	268	0.0000	0.0000	42	26.5075
271	0	270	0.0000	0.0000	42	26.6444
277	0	276	0.0000	0.0000	44	27.1196
281	0	280	0.0000	0.0000	44	27.4393
283	0	282	0.0000	0.0000	43	27.5922
293	0	292	0.0000	0.0000	45	28.3973
307	0	306	0.0000	0.0000	49	29.4967
311	0	310	0.0000	0.0000	50	29.8226
313	0	312	0.0000	0.0000	49	29.9712
317	0	316	0.0000	0.0000	49	30.2690
331	0	330	0.0000	0.0000	54	31.3576
337	0	336	0.0000	0.0000	54	31.8095
347	0	346	0.0000	0.0000	56	32.5607
349	0	348	0.0000	0.0000	55	32.7299
353	0	352	0.0000	0.0000	55	33.0398
359	0	358	0.0000	0.0000	55	33.4972
367	0	366	0.0000	0.0000	57	34.0984
373	0	372	0.0000	0.0000	58	34.5699
379	0	378	0.0000	0.0000	59	35.0238
383	0	382	0.0000	0.0000	59	35.3141
389	0	388	0.0000	0.0000	60	35.7809
397	0	396	0.0000	0.0000	60	36.3939
401	0	400	0.0000	0.0000	60	36.6825
409	0	408	0.0000	0.0000	61	37.2623
419	0	418	0.0000	0.0000	64	37.9713
421	0	420	0.0000	0.0000	64	38.1476
431	0	430	0.0000	0.0000	66	38.9070
433	0	432	0.0000	0.0000	66	39.0741
439	0	438	0.0000	0.0000	66	39.5046
443	0	442	0.0000	0.0000	67	39.8009
449	0	448	0.0000	0.0000	67	40.2254
457	0	456	0.0000	0.0000	68	40.8311
461	0	460	0.0000	0.0000	68	41.1370
463	0	462	0.0000	0.0000	67	41.2706
467	0	466	0.0000	0.0000	67	41.5451
479	0	478	0.0000	0.0000	70	42.4540
487	0	486	0.0000	0.0000	71	43.0123
491	0	490	0.0000	0.0000	71	43.2980
499	0	498	0.0000	0.0000	73	43.9137
503	0	502	0.0000	0.0000	72	44.1952
509	0	508	0.0000	0.0000	73	44.6220
521	0	520	0.0000	0.0000	77	45.5038
523	0	522	0.0000	0.0000	76	45.6437
541	0	540	0.0000	0.0000	80	46.9222
547	0	546	0.0000	0.0000	82	47.3168
557	0	556	0.0000	0.0000	84	48.0540
563	0	562	0.0000	0.0000	85	48.4929
569	0	568	0.0000	0.0000	85	48.9419
571	0	570	0.0000	0.0000	84	49.1000
577	0	576	0.0000	0.0000	85	49.5243
587	0	586	0.0000	0.0000	86	50.2338
593	0	592	0.0000	0.0000	86	50.6672
599	0	598	0.0000	0.0000	87	51.1003
601	0	600	0.0000	0.0000	87	51.2083
607	0	606	0.0000	0.0000	87	51.6601
613	0	612	0.0000	0.0000	88	52.0605
617	0	616	0.0000	0.0000	89	52.3312
619	0	618	0.0000	0.0000	89	52.4660
631	0	630	0.0000	0.0000	90	53.3302
641	0	640	0.0000	0.0000	91	54.0078
643	0	642	0.0000	0.0000	91	54.1402
647	0	646	0.0000	0.0000	92	54.4272
653	0	652	0.0000	0.0000	94	54.8482
659	0	658	0.0000	0.0000	94	55.2933
661	0	660	0.0000	0.0000	95	55.4439
673	0	672	0.0000	0.0000	95	56.2664
677	0	676	0.0000	0.0000	94	56.5296
683	0	682	0.0000	0.0000	94	56.9296
691	0	690	0.0000	0.0000	96	57.5130
701	0	700	0.0000	0.0000	96	58.2114
709	0	708	0.0000	0.0000	96	58.7712
719	0	718	0.0000	0.0000	99	59.4596
727	0	726	0.0000	0.0000	102	60.0358
733	0	732	0.0000	0.0000	102	60.4522
739	0	738	0.0000	0.0000	102	60.8388
743	0	742	0.0000	0.0000	103	61.1173
751	0	750	0.0000	0.0000	106	61.6480
757	0	756	0.0000	0.0000	106	62.0767
761	0	760	0.0000	0.0000	105	62.3487
769	0	768	0.0000	0.0000	106	62.9036
773	0	772	0.0000	0.0000	106	63.1852
787	0	786	0.0000	0.0000	110	64.1603
797	0	796	0.0000	0.0000	111	64.8128
809	0	808	0.0000	0.0000	115	65.6139
811	0	810	0.0000	0.0000	116	65.7481
821	0	820	0.0000	0.0000	117	66.4293
823	0	822	0.0000	0.0000	116	66.5633
827	0	826	0.0000	0.0000	115	66.8426
829	0	828	0.0000	0.0000	115	66.9771
839	0	838	0.0000	0.0000	117	67.6492
853	0	852	0.0000	0.0000	119	68.6162
857	0	856	0.0000	0.0000	119	68.8843
859	0	858	0.0000	0.0000	118	69.0245
863	0	862	0.0000	0.0000	119	69.2715
877	0	876	0.0000	0.0000	122	70.2272
881	0	880	0.0000	0.0000	122	70.4886
883	0	882	0.0000	0.0000	121	70.6247
887	0	886	0.0000	0.0000	120	70.8962
907	0	906	0.0000	0.0000	125	72.2528
911	0	910	0.0000	0.0000	124	72.5275
919	0	918	0.0000	0.0000	125	73.0643
929	0	928	0.0000	0.0000	125	73.7284
937	0	936	0.0000	0.0000	128	74.2628
941	0	940	0.0000	0.0000	129	74.5330
947	0	946	0.0000	0.0000	129	74.9376
953	0	952	0.0000	0.0000	129	75.3330
967	0	966	0.0000	0.0000	132	76.2733
971	0	970	0.0000	0.0000	131	76.5309
977	0	976	0.0000	0.0000	132	76.9170
983	0	982	0.0000	0.0000	131	77.3075
991	0	990	0.0000	0.0000	132	77.8253
997	0	996	0.0000	0.0000	133	78.2048
1009	0	1008	0.0000	0.0000	137	79.0288
1013	0	1012	0.0000	0.0000	136	79.3043
1019	0	1018	0.0000	0.0000	137	79.6925
1021	0	1020	0.0000	0.0000	137	79.8196
1031	0	1030	0.0000	0.0000	137	80.4437
1033	0	1032	0.0000	0.0000	137	80.5814
1039	0	1038	0.0000	0.0000	137	80.9788
1049	0	1048	0.0000	0.0000	140	81.6517
1051	0	1050	0.0000	0.0000	140	81.7810
1061	0	1060	0.0000	0.0000	141	82.4472
1063	0	1062	0.0000	0.0000	140	82.5838
1069	0	1068	0.0000	0.0000	142	82.9700
1087	0	1086	0.0000	0.0000	145	84.1915
1091	0	1090	0.0000	0.0000	145	84.4596
1093	0	1092	0.0000	0.0000	144	84.5916
1097	0	1096	0.0000	0.0000	143	84.8394
1103	0	1102	0.0000	0.0000	143	85.2241
1109	0	1108	0.0000	0.0000	144	85.6101
1117	0	1116	0.0000	0.0000	144	86.1183
1123	0	1122	0.0000	0.0000	146	86.5187
1129	0	1128	0.0000	0.0000	146	86.9229
1151	0	1150	0.0000	0.0000	152	88.3470
1153	0	1152	0.0000	0.0000	151	88.4688
1163	0	1162	0.0000	0.0000	152	89.1059
1171	0	1170	0.0000	0.0000	154	89.6299
1181	0	1180	0.0000	0.0000	156	90.2780
1187	0	1186	0.0000	0.0000	156	90.6728
1193	0	1192	0.0000	0.0000	158	91.0344
1201	0	1200	0.0000	0.0000	160	91.5808
1213	0	1212	0.0000	0.0000	162	92.3531
1217	0	1216	0.0000	0.0000	161	92.6234
1223	0	1222	0.0000	0.0000	162	93.0213
1229	0	1228	0.0000	0.0000	162	93.4226
1231	0	1230	0.0000	0.0000	162	93.5472
1237	0	1236	0.0000	0.0000	163	93.9231
1249	0	1248	0.0000	0.0000	163	94.6891
1259	0	1258	0.0000	0.0000	163	95.3148
1277	0	1276	0.0000	0.0000	168	96.4694
1279	0	1278	0.0000	0.0000	168	96.6088
1283	0	1282	0.0000	0.0000	167	96.8456
1289	0	1288	0.0000	0.0000	166	97.2259
1291	0	1290	0.0000	0.0000	166	97.3535
1297	0	1296	0.0000	0.0000	167	97.7577
1301	0	1300	0.0000	0.0000	166	98.0000
1303	0	1302	0.0000	0.0000	165	98.1298
1307	0	1306	0.0000	0.0000	165	98.3913
1319	0	1318	0.0000	0.0000	167	99.1419
1321	0	1320	0.0000	0.0000	166	99.2606
1327	0	1326	0.0000	0.0000	166	99.6493
1361	0	1360	0.0000	0.0000	179	101.8316
1367	0	1366	0.0000	0.0000	180	102.2343
1373	0	1372	0.0000	0.0000	180	102.6050
1381	0	1380	0.0000	0.0000	181	103.1072
1399	0	1398	0.0000	0.0000	185	104.2783
1409	0	1408	0.0000	0.0000	186	104.8878
1423	0	1422	0.0000	0.0000	189	105.7968
1427	0	1426	0.0000	0.0000	189	106.0575
1429	0	1428	0.0000	0.0000	189	106.1751
1433	0	1432	0.0000	0.0000	189	106.4183
1439	0	1438	0.0000	0.0000	188	106.8095
1447	0	1446	0.0000	0.0000	189	107.3064
1451	0	1450	0.0000	0.0000	189	107.5552
1453	0	1452	0.0000	0.0000	189	107.6846
1459	0	1458	0.0000	0.0000	190	108.0617
1471	0	1470	0.0000	0.0000	191	108.8374
1481	0	1480	0.0000	0.0000	192	109.4574
1483	0	1482	0.0000	0.0000	192	109.5729
1487	0	1486	0.0000	0.0000	193	109.8351
1489	0	1488	0.0000	0.0000	192	109.9483
1493	0	1492	0.0000	0.0000	191	110.1977
1499	0	1498	0.0000	0.0000	190	110.5701
