scope beta classifier_windows slack_exits carriers all_carrier endpoint_records endpoint_keys failure_records failure_keys failure_mass min_slack max_required_C handler_routes endpoint_routes contract_pass global_closed status
slack-exit-handler 0.850000 82 53 53 True 1447 745 34 29 121 -8 1.407482 {'AlphaTailHotband/EndpointNoFailure': 37, 'DirectedEndpointCRTDefect/PDEC': 16} {'DirectedEndpointCRTDefect/PDEC': 29, 'NearThresholdWatchOnly': 716} True False slack_floor_exits_routed_with_pdec_or_sae_obligation
p block shift hot_count hot_ratio carrier_count carrier_ratio energy_share handler_route failure_records failure_mass failure_key_count res_margin source_margin
5003 8192 -144 613 0.956318 613 0.956318 0.000556 AlphaTailHotband/EndpointNoFailure 0 0 0 -322.794274 -53.599284
5003 8192 -288 613 0.956318 613 0.956318 0.000556 AlphaTailHotband/EndpointNoFailure 0 0 0 -606.338560 -83.667320
5003 8192 -216 612 0.954758 612 0.954758 0.000554 AlphaTailHotband/EndpointNoFailure 0 0 0 -265.573682 -48.571710
5003 8192 -72 603 0.940718 603 0.940718 0.000538 AlphaTailHotband/EndpointNoFailure 0 0 0 -220.780771 -35.222596
5003 8192 -432 603 0.940718 603 0.940718 0.000538 DirectedEndpointCRTDefect/PDEC 1 2 1 -495.222412 -72.777802
5003 8192 -108 597 0.931357 597 0.931357 0.000527 AlphaTailHotband/EndpointNoFailure 0 0 0 -61.829509 -19.478689
5003 8192 -324 593 0.925117 593 0.925117 0.000520 AlphaTailHotband/EndpointNoFailure 0 0 0 -303.373498 -51.921687
5003 8192 -504 580 0.904836 580 0.904836 0.000497 AlphaTailHotband/EndpointNoFailure 0 0 0 -11.240364 -13.405045
5003 8192 -792 572 0.892356 572 0.892356 0.000484 DirectedEndpointCRTDefect/PDEC 2 9 1 -416.035083 -59.379385
5003 8192 -468 571 0.890796 571 0.890796 0.000482 AlphaTailHotband/EndpointNoFailure 0 0 0 -21.777350 -6.972169
5003 8192 -648 567 0.884555 567 0.884555 0.000475 DirectedEndpointCRTDefect/PDEC 2 13 2 -636.052419 -90.881552
5003 8192 -576 565 0.881435 565 0.881435 0.000472 AlphaTailHotband/EndpointNoFailure 0 0 0 -858.046392 -110.630799
5003 8192 -684 562 0.876755 562 0.876755 0.000467 DirectedEndpointCRTDefect/PDEC 1 1 1 -240.521759 -41.940220
5003 8192 -612 557 0.868955 557 0.868955 0.000459 AlphaTailHotband/EndpointNoFailure 0 0 0 -134.829405 -22.853676
5003 8192 -1008 546 0.851794 546 0.851794 0.000441 DirectedEndpointCRTDefect/PDEC 1 2 1 -564.796759 -78.349595
10007 16384 -72 1239 0.969484 1239 0.969484 0.000268 AlphaTailHotband/EndpointNoFailure 0 0 0 -529.746594 -71.343324
10007 16384 -1800 1225 0.958529 1225 0.958529 0.000262 DirectedEndpointCRTDefect/PDEC 1 3 1 -178.671010 -29.333876
10007 16384 -144 1222 0.956182 1222 0.956182 0.000261 AlphaTailHotband/EndpointNoFailure 0 0 0 -858.879113 -113.859889
10007 16384 -108 1215 0.950704 1215 0.950704 0.000258 AlphaTailHotband/EndpointNoFailure 0 0 0 -304.569140 -43.946143
10007 16384 -36 1205 0.942879 1205 0.942879 0.000254 AlphaTailHotband/EndpointNoFailure 0 0 0 -79.266849 -13.408356
10007 16384 -324 1199 0.938185 1199 0.938185 0.000251 AlphaTailHotband/EndpointNoFailure 0 0 0 -466.079790 -64.384974
10007 16384 -828 1195 0.935055 1195 0.935055 0.000250 AlphaTailHotband/EndpointNoFailure 0 0 0 -247.635432 -46.704429
10007 16384 -432 1193 0.933490 1193 0.933490 0.000249 AlphaTailHotband/EndpointNoFailure 0 0 0 -1449.652705 -193.956588
10007 16384 -288 1183 0.925665 1183 0.925665 0.000245 AlphaTailHotband/EndpointNoFailure 0 0 0 -1006.017114 -137.752139
10007 16384 -936 1177 0.920970 1177 0.920970 0.000242 AlphaTailHotband/EndpointNoFailure 0 0 0 -768.026327 -104.753291
10007 16384 -216 1176 0.920188 1176 0.920188 0.000242 AlphaTailHotband/EndpointNoFailure 0 0 0 -1049.531762 -132.941470
10007 16384 -864 1173 0.917840 1173 0.917840 0.000241 AlphaTailHotband/EndpointNoFailure 0 0 0 -1544.548401 -206.943550
10007 16384 -1764 1171 0.916275 1171 0.916275 0.000240 DirectedEndpointCRTDefect/PDEC 3 17 3 -186.848334 -24.981042
10007 16384 -576 1169 0.914710 1169 0.914710 0.000239 AlphaTailHotband/EndpointNoFailure 0 0 0 -1426.666406 -190.833301
10007 16384 -972 1168 0.913928 1168 0.913928 0.000239 AlphaTailHotband/EndpointNoFailure 0 0 0 -699.289003 -93.411125
10007 16384 -648 1166 0.912363 1166 0.912363 0.000238 AlphaTailHotband/EndpointNoFailure 0 0 0 -1276.704331 -174.838041
10007 16384 -1440 1166 0.912363 1166 0.912363 0.000238 AlphaTailHotband/EndpointNoFailure 0 0 0 -22.503662 -16.812958
10007 16384 -792 1165 0.911581 1165 0.911581 0.000237 AlphaTailHotband/EndpointNoFailure 0 0 0 -303.355036 -57.669379
10007 16384 -1008 1159 0.906886 1159 0.906886 0.000235 AlphaTailHotband/EndpointNoFailure 0 0 0 -362.671679 -54.958960
10007 16384 -1368 1150 0.899844 1150 0.899844 0.000231 DirectedEndpointCRTDefect/PDEC 1 2 1 -945.218441 -129.402305
10007 16384 -684 1148 0.898279 1148 0.898279 0.000230 AlphaTailHotband/EndpointNoFailure 0 0 0 -96.327007 -28.165876
10007 16384 -1296 1142 0.893584 1142 0.893584 0.000228 AlphaTailHotband/EndpointNoFailure 0 0 0 -1712.253088 -231.406636
10007 16384 -1044 1136 0.888889 1136 0.888889 0.000226 AlphaTailHotband/EndpointNoFailure 0 0 0 -397.254355 -57.531794
10007 16384 -1188 1135 0.888106 1135 0.888106 0.000225 AlphaTailHotband/EndpointNoFailure 0 0 0 -328.705060 -52.963132
10007 16384 -1116 1131 0.884977 1131 0.884977 0.000224 AlphaTailHotband/EndpointNoFailure 0 0 0 -667.899707 -97.487463
10007 16384 -1476 1130 0.884194 1130 0.884194 0.000223 DirectedEndpointCRTDefect/PDEC 3 10 2 -625.206339 -85.525792
10007 16384 -1404 1129 0.883412 1129 0.883412 0.000223 AlphaTailHotband/EndpointNoFailure 0 0 0 -573.016100 -76.877013
10007 16384 -1512 1129 0.883412 1129 0.883412 0.000223 DirectedEndpointCRTDefect/PDEC 2 2 2 -475.389015 -67.298627
10007 16384 -1656 1122 0.877934 1122 0.877934 0.000220 DirectedEndpointCRTDefect/PDEC 2 3 2 -1140.417439 -152.177180
10007 16384 -1584 1118 0.874804 1118 0.874804 0.000219 DirectedEndpointCRTDefect/PDEC 2 12 2 -1038.274367 -136.409296
10007 16384 -2160 1118 0.874804 1118 0.874804 0.000219 AlphaTailHotband/EndpointNoFailure 0 0 0 -681.558358 -94.069795
10007 16384 -1332 1110 0.868545 1110 0.868545 0.000215 AlphaTailHotband/EndpointNoFailure 0 0 0 -756.435764 -102.429471
10007 16384 -1692 1110 0.868545 1110 0.868545 0.000215 AlphaTailHotband/EndpointNoFailure 0 0 0 -859.872689 -121.859086
10007 16384 -2052 1110 0.868545 1110 0.868545 0.000215 DirectedEndpointCRTDefect/PDEC 4 12 3 -928.250329 -123.906291
10007 16384 -1152 1107 0.866197 1107 0.866197 0.000214 AlphaTailHotband/EndpointNoFailure 0 0 0 -1651.322384 -221.665298
10007 16384 -1224 1105 0.864632 1105 0.864632 0.000213 DirectedEndpointCRTDefect/PDEC 1 2 1 -839.807736 -123.225967
10007 16384 -1836 1098 0.859155 1098 0.859155 0.000211 DirectedEndpointCRTDefect/PDEC 6 27 4 -772.813686 -104.476711
10007 16384 -2016 1087 0.850548 1087 0.850548 0.000207 DirectedEndpointCRTDefect/PDEC 2 4 2 -1093.107653 -137.513457
