# sieving up to 250500
# P	|E(P)|	|E*(P)|	K3''''_OLD	K3''''_CORR	K3''''_DiffOld-Corr	row_hold?	col_hold?
181	0	0	130.6486	130.2718	0.3767	True	True
191	0	0	137.9424	137.5530	0.3895	True	True
193	0	0	139.4014	139.0094	0.3920	True	True
197	0	0	142.3195	141.9225	0.3970	True	True
199	0	0	143.7787	143.3792	0.3995	True	True
211	0	0	152.5350	152.1206	0.4144	True	True
223	0	0	161.2933	160.8643	0.4290	True	True
227	0	0	164.2132	163.7793	0.4339	True	True
229	0	0	165.6732	165.2369	0.4363	True	True
233	0	0	168.5934	168.1523	0.4411	True	True
239	0	0	172.9741	172.5259	0.4482	True	True
241	0	0	174.4344	173.9838	0.4506	True	True
251	0	0	181.7368	181.2744	0.4624	True	True
257	0	0	186.1188	185.6493	0.4695	True	True
263	0	0	190.5012	190.0247	0.4765	True	True
269	0	0	194.8840	194.4006	0.4834	True	True
271	0	0	196.3450	195.8593	0.4857	True	True
277	0	0	200.7283	200.2357	0.4926	True	True
281	0	0	203.6507	203.1535	0.4972	True	True
283	0	0	205.1119	204.6125	0.4995	True	True
293	0	0	212.4188	211.9080	0.5108	True	True
307	0	0	222.6501	222.1236	0.5265	True	True
311	0	0	225.5736	225.0426	0.5310	True	True
313	0	0	227.0355	226.5022	0.5332	True	True
317	0	0	229.9592	229.4216	0.5377	True	True
331	0	0	240.1934	239.6404	0.5531	True	True
337	0	0	244.5800	244.0204	0.5596	True	True
347	0	0	251.8917	251.3212	0.5705	True	True
349	0	0	253.3541	252.7814	0.5726	True	True
353	0	0	256.2790	255.7021	0.5770	True	True
359	0	0	260.6666	260.0832	0.5834	True	True
367	0	0	266.5172	265.9252	0.5920	True	True
373	0	0	270.9054	270.3071	0.5984	True	True
379	0	0	275.2939	274.6892	0.6047	True	True
383	0	0	278.2197	277.6108	0.6089	True	True
389	0	0	282.6086	281.9934	0.6153	True	True
397	0	0	288.4608	287.8372	0.6236	True	True
401	0	0	291.3871	290.7593	0.6278	True	True
409	0	0	297.2400	296.6038	0.6362	True	True
419	0	0	304.5566	303.9101	0.6465	True	True
421	0	0	306.0200	305.3715	0.6486	True	True
431	0	0	313.3374	312.6785	0.6588	True	True
433	0	0	314.8009	314.1400	0.6609	True	True
439	0	0	319.1917	318.5247	0.6670	True	True
443	0	0	322.1190	321.4479	0.6711	True	True
449	0	0	326.5101	325.8329	0.6772	True	True
457	0	0	332.3652	331.6799	0.6853	True	True
461	0	0	335.2929	334.6036	0.6893	True	True
463	0	0	336.7568	336.0655	0.6913	True	True
467	0	0	339.6846	338.9893	0.6954	True	True
479	0	0	348.4686	347.7612	0.7074	True	True
487	0	0	354.3250	353.6097	0.7153	True	True
491	0	0	357.2533	356.5340	0.7193	True	True
499	0	0	363.1102	362.3830	0.7272	True	True
# all_pass_K3''''_corrected_row = True
# all_pass_K3''''_corrected_col = True
